N: 256
Q: 8380417

D: 13  # Number of bits dropped from t
K: 4  # Matrices size
L: 4

ETA: 2  # Secret distribution
TAU: 39  # Number of +- in hash challenge
BETA: 78  # The maximum coefficient in cs
GAMMA: 131072  # Rejection sampling 2^{17}
GAMMA_PRIME: 95232

# Commitment parameters
COMMITMENT_Q: 8380417
COMMITMENT_N: 256  # maximum order
COMMITMENT_K: 15
COMMITMENT_L: 4
COMMITMENT_Nlower: 5
COMMITMENT_BETA: 128
COMMITMENT_B2: 1024


PARALLEL SESSIONS: 1
KEYGEN [ms] (average: 2.2666666666666666): [5 2 2 2 2 2 2 3 2 2 2 2 2 2 2]
SIGN [ms] (average: 92.4): [30 30 53 162 61 131 205 88 91 270 157 30 46 18 14]
ITERATIONS (average: 16.733333333333334): [3 4 9 30 11 24 39 16 17 51 30 5 8 2 2]
SIGN / ITERATIONS: [10.00 7.50 5.89 5.40 5.55 5.46 5.26 5.50 5.35 5.29 5.23 6.00 5.75 9.00 7.00]

PARALLEL SESSIONS: 2
KEYGEN [ms] (average: 2.066666666666667): [2 2 2 2 2 2 2 2 2 2 3 2 2 2 2]
SIGN [ms] (average: 94.4): [97 44 320 69 44 44 82 149 56 43 17 83 189 108 71]
ITERATIONS (average: 6.866666666666666): [7 3 24 5 3 3 6 11 4 3 1 6 14 8 5]
SIGN / ITERATIONS: [13.86 14.67 13.33 13.80 14.67 14.67 13.67 13.55 14.00 14.33 17.00 13.83 13.50 13.50 14.20]

PARALLEL SESSIONS: 3
KEYGEN [ms] (average: 2.1333333333333333): [2 4 2 3 2 2 2 2 2 2 2 1 2 2 2]
SIGN [ms] (average: 76.13333333333334): [82 85 30 29 155 33 103 88 101 29 77 198 28 52 52]
ITERATIONS (average: 2.8666666666666667): [3 3 1 1 6 1 4 3 4 1 3 8 1 2 2]
SIGN / ITERATIONS: [27.33 28.33 30.00 29.00 25.83 33.00 25.75 29.33 25.25 29.00 25.67 24.75 28.00 26.00 26.00]

PARALLEL SESSIONS: 4
KEYGEN [ms] (average: 1.8666666666666667): [2 2 2 2 2 2 2 2 2 2 2 1 2 2 1]
SIGN [ms] (average: 97.66666666666667): [82 43 43 43 121 43 240 72 125 160 44 43 84 200 122]
ITERATIONS (average: 2.3333333333333335): [2 1 1 1 3 1 6 1 3 4 1 1 2 5 3]
SIGN / ITERATIONS: [41.00 43.00 43.00 43.00 40.33 43.00 40.00 72.00 41.67 40.00 44.00 43.00 42.00 40.00 40.67]

PARALLEL SESSIONS: 5
KEYGEN [ms] (average: 1.7333333333333334): [2 2 2 1 1 1 2 2 2 2 2 2 2 1 2]
SIGN [ms] (average: 100.46666666666667): [61 234 177 237 62 61 61 120 62 121 62 62 63 62 62]
ITERATIONS (average: 1.6666666666666667): [1 4 3 4 1 1 1 2 1 2 1 1 1 1 1]
SIGN / ITERATIONS: [61.00 58.50 59.00 59.25 62.00 61.00 61.00 60.00 62.00 60.50 62.00 62.00 63.00 62.00 62.00]

PARALLEL SESSIONS: 6
KEYGEN [ms] (average: 1.8): [2 1 2 2 1 2 2 1 2 2 2 2 2 2 2]
SIGN [ms] (average: 112.66666666666667): [271 165 83 84 83 84 85 85 84 84 165 85 83 166 83]
ITERATIONS (average: 1.3333333333333333): [3 2 1 1 1 1 1 1 1 1 2 1 1 2 1]
SIGN / ITERATIONS: [90.33 82.50 83.00 84.00 83.00 84.00 85.00 85.00 84.00 84.00 82.50 85.00 83.00 83.00 83.00]

PARALLEL SESSIONS: 7
KEYGEN [ms] (average: 1.9333333333333333): [1 2 2 2 2 2 2 2 2 2 2 2 2 2 2]
SIGN [ms] (average: 143.13333333333333): [214 110 110 110 109 110 109 109 108 216 320 111 156 116 139]
ITERATIONS (average: 1.2666666666666666): [2 1 1 1 1 1 1 1 1 2 3 1 1 1 1]
SIGN / ITERATIONS: [107.00 110.00 110.00 110.00 109.00 110.00 109.00 109.00 108.00 108.00 106.67 111.00 156.00 116.00 139.00]

PARALLEL SESSIONS: 8
KEYGEN [ms] (average: 1.8666666666666667): [2 2 2 1 2 2 2 2 2 2 2 1 2 2 2]
SIGN [ms] (average: 197.2): [141 139 138 140 445 139 137 272 141 139 137 138 139 565 148]
ITERATIONS (average: 1.4): [1 1 1 1 3 1 1 2 1 1 1 1 1 4 1]
SIGN / ITERATIONS: [141.00 139.00 138.00 140.00 148.33 139.00 137.00 136.00 141.00 139.00 137.00 138.00 139.00 141.25 148.00]

PARALLEL SESSIONS: 9
KEYGEN [ms] (average: 2): [2 2 2 2 2 2 2 2 2 2 2 2 2 2 2]
SIGN [ms] (average: 228.2): [339 171 175 342 212 177 179 184 178 179 353 191 199 191 353]
ITERATIONS (average: 1.2666666666666666): [2 1 1 2 1 1 1 1 1 1 2 1 1 1 2]
SIGN / ITERATIONS: [169.50 171.00 175.00 171.00 212.00 177.00 179.00 184.00 178.00 179.00 176.50 191.00 199.00 191.00 176.50]

PARALLEL SESSIONS: 10
KEYGEN [ms] (average: 2.066666666666667): [2 2 2 2 2 4 2 2 2 1 2 2 2 2 2]
SIGN [ms] (average: 256): [214 209 207 210 215 428 407 206 206 206 207 204 249 458 214]
ITERATIONS (average: 1.2): [1 1 1 1 1 2 2 1 1 1 1 1 1 2 1]
SIGN / ITERATIONS: [214.00 209.00 207.00 210.00 215.00 214.00 203.50 206.00 206.00 206.00 207.00 204.00 249.00 229.00 214.00]

PARALLEL SESSIONS: 11
KEYGEN [ms] (average: 2.2): [5 2 2 2 2 2 2 2 2 2 2 2 2 2 2]
SIGN [ms] (average: 271.8666666666667): [504 252 260 254 258 257 251 257 261 263 253 251 253 253 251]
ITERATIONS (average: 1.0666666666666667): [2 1 1 1 1 1 1 1 1 1 1 1 1 1 1]
SIGN / ITERATIONS: [252.00 252.00 260.00 254.00 258.00 257.00 251.00 257.00 261.00 263.00 253.00 251.00 253.00 253.00 251.00]

PARALLEL SESSIONS: 12
KEYGEN [ms] (average: 1.9333333333333333): [2 2 2 2 2 2 2 2 2 2 1 2 2 2 2]
SIGN [ms] (average: 298.8666666666667): [322 324 310 292 289 293 293 286 285 288 318 305 299 292 287]
ITERATIONS (average: 1): [1 1 1 1 1 1 1 1 1 1 1 1 1 1 1]
SIGN / ITERATIONS: [322.00 324.00 310.00 292.00 289.00 293.00 293.00 286.00 285.00 288.00 318.00 305.00 299.00 292.00 287.00]

PARALLEL SESSIONS: 13
KEYGEN [ms] (average: 2): [2 2 2 2 2 2 2 2 2 2 2 2 2 2 2]
SIGN [ms] (average: 335.06666666666666): [334 333 332 338 340 333 334 339 336 335 333 343 334 330 332]
ITERATIONS (average: 1): [1 1 1 1 1 1 1 1 1 1 1 1 1 1 1]
SIGN / ITERATIONS: [334.00 333.00 332.00 338.00 340.00 333.00 334.00 339.00 336.00 335.00 333.00 343.00 334.00 330.00 332.00]

PARALLEL SESSIONS: 14
KEYGEN [ms] (average: 2.066666666666667): [2 2 2 2 2 2 2 2 2 2 3 2 2 2 2]
SIGN [ms] (average: 384): [383 383 380 416 382 383 382 381 380 381 381 384 381 382 381]
ITERATIONS (average: 1): [1 1 1 1 1 1 1 1 1 1 1 1 1 1 1]
SIGN / ITERATIONS: [383.00 383.00 380.00 416.00 382.00 383.00 382.00 381.00 380.00 381.00 381.00 384.00 381.00 382.00 381.00]

PARALLEL SESSIONS: 15
KEYGEN [ms] (average: 1.8): [1 1 1 2 2 2 2 2 2 2 2 2 2 2 2]
SIGN [ms] (average: 435.6): [437 434 436 441 439 435 443 435 434 431 434 433 430 431 441]
ITERATIONS (average: 1): [1 1 1 1 1 1 1 1 1 1 1 1 1 1 1]
SIGN / ITERATIONS: [437.00 434.00 436.00 441.00 439.00 435.00 443.00 435.00 434.00 431.00 434.00 433.00 430.00 431.00 441.00]

PARALLEL SESSIONS: 16
KEYGEN [ms] (average: 1.8666666666666667): [2 2 1 2 2 2 2 1 2 2 2 2 2 2 2]
SIGN [ms] (average: 496.06666666666666): [493 517 489 491 495 498 490 491 493 492 498 496 498 497 503]
ITERATIONS (average: 1): [1 1 1 1 1 1 1 1 1 1 1 1 1 1 1]
SIGN / ITERATIONS: [493.00 517.00 489.00 491.00 495.00 498.00 490.00 491.00 493.00 492.00 498.00 496.00 498.00 497.00 503.00]

PARALLEL SESSIONS: 17
KEYGEN [ms] (average: 2.066666666666667): [2 2 2 2 2 2 2 2 2 3 2 2 2 2 2]
SIGN [ms] (average: 575.6): [573 556 604 578 567 578 568 574 573 568 574 570 635 562 554]
ITERATIONS (average: 1): [1 1 1 1 1 1 1 1 1 1 1 1 1 1 1]
SIGN / ITERATIONS: [573.00 556.00 604.00 578.00 567.00 578.00 568.00 574.00 573.00 568.00 574.00 570.00 635.00 562.00 554.00]

PARALLEL SESSIONS: 18
KEYGEN [ms] (average: 2): [2 2 2 2 2 2 2 2 2 2 2 2 2 2 2]
SIGN [ms] (average: 626.8): [621 640 646 646 629 613 622 611 615 622 657 615 627 619 619]
ITERATIONS (average: 1): [1 1 1 1 1 1 1 1 1 1 1 1 1 1 1]
SIGN / ITERATIONS: [621.00 640.00 646.00 646.00 629.00 613.00 622.00 611.00 615.00 622.00 657.00 615.00 627.00 619.00 619.00]

PARALLEL SESSIONS: 19
KEYGEN [ms] (average: 2): [2 2 2 2 2 2 2 2 2 2 2 2 2 2 2]
SIGN [ms] (average: 733.1333333333333): [681 687 681 721 684 683 1365 719 679 682 681 678 684 687 685]
ITERATIONS (average: 1.0666666666666667): [1 1 1 1 1 1 2 1 1 1 1 1 1 1 1]
SIGN / ITERATIONS: [681.00 687.00 681.00 721.00 684.00 683.00 682.50 719.00 679.00 682.00 681.00 678.00 684.00 687.00 685.00]

PARALLEL SESSIONS: 20
KEYGEN [ms] (average: 2): [2 2 2 2 2 2 2 2 2 2 2 2 2 2 2]
SIGN [ms] (average: 757.1333333333333): [750 750 747 781 778 751 750 751 751 754 749 752 757 780 756]
ITERATIONS (average: 1): [1 1 1 1 1 1 1 1 1 1 1 1 1 1 1]

<sessions 21 and 22 got misformatted so I deleted them>

PARALLEL SESSIONS: 23
KEYGEN [ms] (average: 1.9333333333333333): [2 2 2 2 2 2 1 2 2 2 2 2 2 2 2]
SIGN [ms] (average: 987.7333333333333): [1022 1018 994 999 981 972 974 981 982 984 977 983 993 981 975]
ITERATIONS (average: 1): [1 1 1 1 1 1 1 1 1 1 1 1 1 1 1]
SIGN / ITERATIONS: [1022.00 1018.00 994.00 999.00 981.00 972.00 974.00 981.00 982.00 984.00 977.00 983.00 993.00 981.00 975.00]

PARALLEL SESSIONS: 24
KEYGEN [ms] (average: 1.7333333333333334): [2 2 1 2 2 2 2 2 2 2 2 1 1 1 2]
SIGN [ms] (average: 1157.9333333333334): [1061 1100 1073 1094 1065 1203 1681 1404 1212 1133 1077 1070 1060 1061 1075]
ITERATIONS (average: 1): [1 1 1 1 1 1 1 1 1 1 1 1 1 1 1]
SIGN / ITERATIONS: [1061.00 1100.00 1073.00 1094.00 1065.00 1203.00 1681.00 1404.00 1212.00 1133.00 1077.00 1070.00 1060.00 1061.00 1075.00]

PARALLEL SESSIONS: 25
KEYGEN [ms] (average: 1.9333333333333333): [2 2 2 2 2 2 2 2 2 2 1 2 2 2 2]
SIGN [ms] (average: 1177.8666666666666): [1217 1273 1223 1201 1209 1171 1157 1151 1152 1151 1149 1150 1150 1157 1157]
ITERATIONS (average: 1): [1 1 1 1 1 1 1 1 1 1 1 1 1 1 1]
SIGN / ITERATIONS: [1217.00 1273.00 1223.00 1201.00 1209.00 1171.00 1157.00 1151.00 1152.00 1151.00 1149.00 1150.00 1150.00 1157.00 1157.00]