N: 512
Q: 134215681

D: 15  # Number of bits dropped from t
K: 5  # Matrices size
L: 5

ETA: 2  # Secret distribution
TAU: 49  # Number of +- in hash challenge
BETA: 98  # The maximum coefficient in cs
GAMMA: 8388480  # Rejection sampling 2^{17}
GAMMA_PRIME: 4194240

# Commitment parameters
COMMITMENT_Q: 134215681
COMMITMENT_N: 512  # maximum order
COMMITMENT_K: 15
COMMITMENT_L: 5
COMMITMENT_Nlower: 5
COMMITMENT_BETA: 256
COMMITMENT_B2: 2048


PARALLEL SESSIONS: 1
KEYGEN [ms] (average: 5.666666666666667): [11 6 5 6 5 6 5 5 5 5 6 5 5 5 5]
SIGN [ms] (average: 23.866666666666667): [30 22 20 20 20 20 20 19 45 20 22 19 19 31 31]
ITERATIONS (average: 1.2666666666666666): [1 1 1 1 1 1 1 1 3 1 1 1 1 2 2]
SIGN / ITERATIONS: [30.00 22.00 20.00 20.00 20.00 20.00 20.00 19.00 15.00 20.00 22.00 19.00 19.00 15.50 15.50]

PARALLEL SESSIONS: 2
KEYGEN [ms] (average: 5.4): [5 5 5 5 7 6 6 5 5 5 5 6 5 5 6]
SIGN [ms] (average: 39.06666666666667): [38 38 38 41 44 39 40 39 39 38 38 39 38 37 40]
ITERATIONS (average: 1): [1 1 1 1 1 1 1 1 1 1 1 1 1 1 1]
SIGN / ITERATIONS: [38.00 38.00 38.00 41.00 44.00 39.00 40.00 39.00 39.00 38.00 38.00 39.00 38.00 37.00 40.00]

PARALLEL SESSIONS: 3
KEYGEN [ms] (average: 5.2): [6 5 5 5 5 5 5 6 6 5 5 5 5 5 5]
SIGN [ms] (average: 71): [65 64 68 65 64 64 115 70 90 64 66 70 69 67 64]
ITERATIONS (average: 1): [1 1 1 1 1 1 1 1 1 1 1 1 1 1 1]
SIGN / ITERATIONS: [65.00 64.00 68.00 65.00 64.00 64.00 115.00 70.00 90.00 64.00 66.00 70.00 69.00 67.00 64.00]

PARALLEL SESSIONS: 4
KEYGEN [ms] (average: 4.733333333333333): [5 5 5 4 5 5 5 4 4 5 4 5 5 5 5]
SIGN [ms] (average: 101.93333333333334): [99 100 101 101 97 100 98 123 99 100 98 103 104 104 102]
ITERATIONS (average: 1): [1 1 1 1 1 1 1 1 1 1 1 1 1 1 1]
SIGN / ITERATIONS: [99.00 100.00 101.00 101.00 97.00 100.00 98.00 123.00 99.00 100.00 98.00 103.00 104.00 104.00 102.00]

PARALLEL SESSIONS: 5
KEYGEN [ms] (average: 4.933333333333334): [5 4 5 4 5 5 5 5 6 5 5 5 5 5 5]
SIGN [ms] (average: 146): [147 141 141 141 142 151 157 149 154 150 144 144 145 143 141]
ITERATIONS (average: 1): [1 1 1 1 1 1 1 1 1 1 1 1 1 1 1]
SIGN / ITERATIONS: [147.00 141.00 141.00 141.00 142.00 151.00 157.00 149.00 154.00 150.00 144.00 144.00 145.00 143.00 141.00]

PARALLEL SESSIONS: 6
KEYGEN [ms] (average: 4.6): [5 5 4 5 4 4 5 5 5 5 5 4 4 5 4]
SIGN [ms] (average: 195.46666666666667): [199 208 194 195 192 196 198 195 196 194 194 191 194 193 193]
ITERATIONS (average: 1): [1 1 1 1 1 1 1 1 1 1 1 1 1 1 1]
SIGN / ITERATIONS: [199.00 208.00 194.00 195.00 192.00 196.00 198.00 195.00 196.00 194.00 194.00 191.00 194.00 193.00 193.00]

PARALLEL SESSIONS: 7
KEYGEN [ms] (average: 4.533333333333333): [5 4 4 5 5 5 5 5 4 4 4 5 4 4 5]
SIGN [ms] (average: 261.8666666666667): [253 255 257 280 256 292 254 254 253 258 262 283 258 257 256]
ITERATIONS (average: 1): [1 1 1 1 1 1 1 1 1 1 1 1 1 1 1]
SIGN / ITERATIONS: [253.00 255.00 257.00 280.00 256.00 292.00 254.00 254.00 253.00 258.00 262.00 283.00 258.00 257.00 256.00]

PARALLEL SESSIONS: 8
KEYGEN [ms] (average: 4.533333333333333): [5 4 5 5 5 4 5 4 4 4 5 5 4 5 4]
SIGN [ms] (average: 324.2): [326 331 347 321 325 324 321 319 322 320 319 320 321 323 324]
ITERATIONS (average: 1): [1 1 1 1 1 1 1 1 1 1 1 1 1 1 1]
SIGN / ITERATIONS: [326.00 331.00 347.00 321.00 325.00 324.00 321.00 319.00 322.00 320.00 319.00 320.00 321.00 323.00 324.00]

PARALLEL SESSIONS: 9
KEYGEN [ms] (average: 4.666666666666667): [5 4 5 4 4 4 5 5 4 4 4 4 8 5 5]
SIGN [ms] (average: 411.6): [396 423 412 409 465 411 403 421 405 406 398 427 403 398 397]
ITERATIONS (average: 1): [1 1 1 1 1 1 1 1 1 1 1 1 1 1 1]
SIGN / ITERATIONS: [396.00 423.00 412.00 409.00 465.00 411.00 403.00 421.00 405.00 406.00 398.00 427.00 403.00 398.00 397.00]

PARALLEL SESSIONS: 10
KEYGEN [ms] (average: 4.4): [4 4 5 4 4 4 5 4 5 5 5 5 4 4 4]
SIGN [ms] (average: 482.93333333333334): [486 484 487 486 482 483 482 481 481 481 481 481 483 484 482]
ITERATIONS (average: 1): [1 1 1 1 1 1 1 1 1 1 1 1 1 1 1]
SIGN / ITERATIONS: [486.00 484.00 487.00 486.00 482.00 483.00 482.00 481.00 481.00 481.00 481.00 481.00 483.00 484.00 482.00]

PARALLEL SESSIONS: 11
KEYGEN [ms] (average: 4.4): [4 4 5 5 4 4 4 4 5 5 4 5 4 5 4]
SIGN [ms] (average: 575.0666666666667): [575 575 577 575 576 576 574 575 575 573 576 576 575 573 575]
ITERATIONS (average: 1): [1 1 1 1 1 1 1 1 1 1 1 1 1 1 1]
SIGN / ITERATIONS: [575.00 575.00 577.00 575.00 576.00 576.00 574.00 575.00 575.00 573.00 576.00 576.00 575.00 573.00 575.00]

PARALLEL SESSIONS: 12
KEYGEN [ms] (average: 4.533333333333333): [4 6 6 4 5 4 5 4 5 4 4 5 4 4 4]
SIGN [ms] (average: 678.0666666666667): [679 677 677 680 677 674 681 677 674 685 681 676 679 678 676]
ITERATIONS (average: 1): [1 1 1 1 1 1 1 1 1 1 1 1 1 1 1]
SIGN / ITERATIONS: [679.00 677.00 677.00 680.00 677.00 674.00 681.00 677.00 674.00 685.00 681.00 676.00 679.00 678.00 676.00]

PARALLEL SESSIONS: 13
KEYGEN [ms] (average: 4.266666666666667): [4 4 5 4 5 4 4 4 4 4 6 4 4 4 4]
SIGN [ms] (average: 787): [787 788 786 785 788 792 783 790 788 785 787 788 785 789 784]
ITERATIONS (average: 1): [1 1 1 1 1 1 1 1 1 1 1 1 1 1 1]
SIGN / ITERATIONS: [787.00 788.00 786.00 785.00 788.00 792.00 783.00 790.00 788.00 785.00 787.00 788.00 785.00 789.00 784.00]

PARALLEL SESSIONS: 14
KEYGEN [ms] (average: 4.333333333333333): [4 4 4 5 4 4 4 4 4 5 4 5 4 5 5]
SIGN [ms] (average: 903.3333333333334): [904 902 906 903 910 899 906 903 901 900 904 901 905 904 902]
ITERATIONS (average: 1): [1 1 1 1 1 1 1 1 1 1 1 1 1 1 1]
SIGN / ITERATIONS: [904.00 902.00 906.00 903.00 910.00 899.00 906.00 903.00 901.00 900.00 904.00 901.00 905.00 904.00 902.00]

PARALLEL SESSIONS: 15
KEYGEN [ms] (average: 4.133333333333334): [4 5 5 4 4 4 4 4 4 4 4 4 4 4 4]
SIGN [ms] (average: 1036.6): [1030 1037 1064 1031 1031 1066 1033 1027 1031 1032 1036 1032 1036 1030 1033]
ITERATIONS (average: 1): [1 1 1 1 1 1 1 1 1 1 1 1 1 1 1]
SIGN / ITERATIONS: [1030.00 1037.00 1064.00 1031.00 1031.00 1066.00 1033.00 1027.00 1031.00 1032.00 1036.00 1032.00 1036.00 1030.00 1033.00]

PARALLEL SESSIONS: 16
KEYGEN [ms] (average: 4.066666666666666): [4 4 4 4 4 4 4 5 4 4 4 4 4 4 4]
SIGN [ms] (average: 1167.5333333333333): [1182 1169 1168 1167 1162 1183 1164 1164 1167 1161 1159 1167 1166 1170 1164]
ITERATIONS (average: 1): [1 1 1 1 1 1 1 1 1 1 1 1 1 1 1]
SIGN / ITERATIONS: [1182.00 1169.00 1168.00 1167.00 1162.00 1183.00 1164.00 1164.00 1167.00 1161.00 1159.00 1167.00 1166.00 1170.00 1164.00]

PARALLEL SESSIONS: 17
KEYGEN [ms] (average: 4): [4 4 4 4 4 4 4 4 4 4 4 4 4 4 4]
SIGN [ms] (average: 1308.6666666666667): [1311 1309 1311 1313 1311 1309 1301 1309 1310 1303 1308 1311 1309 1311 1304]
ITERATIONS (average: 1): [1 1 1 1 1 1 1 1 1 1 1 1 1 1 1]
SIGN / ITERATIONS: [1311.00 1309.00 1311.00 1313.00 1311.00 1309.00 1301.00 1309.00 1310.00 1303.00 1308.00 1311.00 1309.00 1311.00 1304.00]

PARALLEL SESSIONS: 18
KEYGEN [ms] (average: 4.2): [4 4 4 4 4 4 4 5 4 4 6 4 4 4 4]
SIGN [ms] (average: 1461.1333333333334): [1460 1463 1465 1452 1458 1458 1454 1456 1464 1465 1458 1481 1461 1463 1459]
ITERATIONS (average: 1): [1 1 1 1 1 1 1 1 1 1 1 1 1 1 1]
SIGN / ITERATIONS: [1460.00 1463.00 1465.00 1452.00 1458.00 1458.00 1454.00 1456.00 1464.00 1465.00 1458.00 1481.00 1461.00 1463.00 1459.00]

PARALLEL SESSIONS: 19
KEYGEN [ms] (average: 4.066666666666666): [4 4 4 4 4 4 4 4 4 4 4 5 4 4 4]
SIGN [ms] (average: 1634.2666666666667): [1630 1618 1625 1632 1614 1622 1626 1618 1623 1628 1654 1650 1619 1622 1733]
ITERATIONS (average: 1): [1 1 1 1 1 1 1 1 1 1 1 1 1 1 1]
SIGN / ITERATIONS: [1630.00 1618.00 1625.00 1632.00 1614.00 1622.00 1626.00 1618.00 1623.00 1628.00 1654.00 1650.00 1619.00 1622.0
KEYGEN [ms] (average: 4.333333333333333): [5 4 5 5 4 4 5 4 4 4 5 4 4 4 4]
SIGN [ms] (average: 2029.0666666666666): [2057 2044 2357 2033 1992 2067 2044 2072 1990 1962 1954 1957 1959 1965 1983]
ITERATIONS (average: 1): [1 1 1 1 1 1 1 1 1 1 1 1 1 1 1]
SIGN / ITERATIONS: [2057.00 2044.00 2357.00 2033.00 1992.00 2067.00 2044.00 2072.00 1990.00 1962.00 1954.00 1957.00 1959.00 1965.00 1983.00]

PARALLEL SESSIONS: 22
KEYGEN [ms] (average: 4.2): [4 4 4 4 4 4 4 5 5 4 4 4 4 5 4]
SIGN [ms] (average: 2229.5333333333333): [2159 2340 2168 2249 2168 2147 2274 2275 2319 2223 2223 2224 2234 2221 2219]
ITERATIONS (average: 1): [1 1 1 1 1 1 1 1 1 1 1 1 1 1 1]
SIGN / ITERATIONS: [2159.00 2340.00 2168.00 2249.00 2168.00 2147.00 2274.00 2275.00 2319.00 2223.00 2223.00 2224.00 2234.00 2221.00 2219.00]

PARALLEL SESSIONS: 23
KEYGEN [ms] (average: 4.266666666666667): [4 4 4 4 5 4 4 4 5 5 4 4 4 4 5]
SIGN [ms] (average: 2402.133333333333): [2474 2421 2390 2351 2484 2419 2467 2388 2410 2338 2351 2371 2355 2352 2461]
ITERATIONS (average: 1): [1 1 1 1 1 1 1 1 1 1 1 1 1 1 1]
SIGN / ITERATIONS: [2474.00 2421.00 2390.00 2351.00 2484.00 2419.00 2467.00 2388.00 2410.00 2338.00 2351.00 2371.00 2355.00 2352.00 2461.00]

PARALLEL SESSIONS: 24
KEYGEN [ms] (average: 4.666666666666667): [4 4 5 5 4 4 10 4 5 4 4 5 4 4 4]
SIGN [ms] (average: 2665.3333333333335): [2649 2642 2621 2637 2626 2862 2757 2711 2634 2660 2656 2632 2627 2629 2637]
ITERATIONS (average: 1): [1 1 1 1 1 1 1 1 1 1 1 1 1 1 1]
SIGN / ITERATIONS: [2649.00 2642.00 2621.00 2637.00 2626.00 2862.00 2757.00 2711.00 2634.00 2660.00 2656.00 2632.00 2627.00 2629.00 2637.00]

PARALLEL SESSIONS: 25
KEYGEN [ms] (average: 4.266666666666667): [4 4 4 4 5 4 4 4 5 4 5 4 4 4 5]
SIGN [ms] (average: 2849.3333333333335): [2846 2856 2852 2842 2857 2853 2842 2848 2847 2847 2841 2864 2837 2845 2863]
ITERATIONS (average: 1): [1 1 1 1 1 1 1 1 1 1 1 1 1 1 1]
SIGN / ITERATIONS: [2846.00 2856.00 2852.00 2842.00 2857.00 2853.00 2842.00 2848.00 2847.00 2847.00 2841.00 2864.00 2837.00 2845.00 2863.00]